163 187 189 227 308 312 333 397 465 471 523 557 677 702 722 730 814 824 862 866 
151 162 290 332 373 379 433 475 528 531 573 576 579 674 683 692 753 847 879 918 
269 281 293 299 336 369 386 393 409 412 525 604 642 649 654 714 716 764 768 927 
169 220 237 259 275 375 381 497 501 509 560 600 601 653 719 794 829 889 907 914 
238 244 245 304 350 352 357 359 448 461 472 511 521 599 608 648 665 678 796 819 
171 198 265 272 309 323 347 394 420 455 457 469 507 695 704 711 739 799 867 923 
174 183 184 262 285 320 330 399 436 479 522 570 620 641 671 706 782 785 910 912 
156 180 199 354 367 391 421 430 437 468 488 567 610 621 634 662 733 878 919 920 
168 217 241 291 431 482 491 546 555 581 592 598 656 690 817 844 855 858 872 902 
165 202 278 315 343 345 388 411 426 442 451 458 537 583 747 756 835 860 885 899 
152 175 192 378 407 417 428 492 574 587 614 628 631 681 723 736 750 776 807 839 
157 253 296 339 362 444 500 543 550 582 586 590 613 639 669 788 843 851 877 891 
155 181 201 204 319 356 382 424 495 533 540 595 626 687 760 763 797 924 931 939 
160 212 231 252 295 314 325 327 440 459 480 519 563 580 605 632 645 651 774 808 
178 207 266 284 371 463 484 502 529 617 699 726 752 762 779 791 821 852 934 941 
166 210 226 228 249 307 316 340 360 384 454 518 691 697 771 806 822 886 928 936 
161 188 195 256 402 447 478 485 490 535 548 564 670 744 811 833 861 880 896 915 
223 288 404 505 553 578 585 629 636 652 667 728 765 800 802 838 863 868 873 883 
159 176 197 240 286 301 310 364 514 646 685 698 709 742 743 758 840 850 869 904 
214 234 248 255 263 392 415 517 623 659 664 682 684 805 823 826 831 856 875 894 