299 326 354 387 425 427 461 484 510 516 554 565 613 628 677 
313 334 384 470 481 497 542 551 569 586 619 643 648 672 715 
309 311 402 407 441 444 447 455 464 492 495 502 576 595 612 
297 321 328 335 343 363 395 405 443 453 469 504 563 592 651 
370 372 412 449 458 491 527 545 572 588 614 655 667 696 702 
288 303 307 340 377 416 513 523 541 623 631 635 664 676 692 
346 368 392 422 546 549 558 561 566 577 601 639 640 682 686 
350 351 383 435 468 479 519 534 555 580 589 618 652 661 695 
315 323 359 375 393 398 400 467 476 488 574 634 641 666 713 
295 318 338 374 415 423 474 525 582 625 659 684 701 705 721 
292 390 417 448 454 487 529 537 597 600 608 610 653 658 690 
304 348 365 369 408 418 521 531 579 583 596 632 674 679 709 
361 367 380 420 432 450 459 562 575 604 615 688 698 714 718 
289 298 301 378 394 410 438 472 499 507 512 533 538 669 719 
287 331 356 429 465 478 482 598 605 621 636 646 699 706 710